﻿Year,Unemployment Rate (%),Annual Change
2020,6.61%,1.45%
2019,5.16%,-0.14%
2018,5.30%,-0.29%
2017,5.59%,-0.12%
2016,5.71%,-0.34%
2015,6.05%,-0.03%
2014,6.08%,0.42%
2013,5.66%,0.44%
2012,5.22%,0.14%
2011,5.08%,-0.13%
2010,5.21%,-0.35%
2009,5.56%,1.33%
2008,4.23%,-0.15%
2007,4.38%,-0.40%
2006,4.78%,-0.25%
